world: Oficial
x: 0.46332921158217943
y: 73.0
z: 0.5132262920759275
yaw: 0.086163014
pitch: 4.0120015
name: spawn
