lastAccountName: Sasuke310
timestamps:
  login: 1519140291243
  logout: 1519141729226
  lastteleport: 1519137734450
ipAddress: 177.195.182.36
logoutlocation:
  world: Oficial
  x: -338.7185723407174
  y: 11.493750856913607
  z: -106.62954323798195
  yaw: 167.54968
  pitch: 33.484768
afk: false
lastlocation:
  world: Oficial
  x: -323.7427473384985
  y: 14.532030374603357
  z: -108.93186073800723
  yaw: 100.52425
  pitch: 9.429766
