lastAccountName: ChupChup_
timestamps:
  login: 1518218012375
  logout: 1518220087414
ipAddress: 179.228.19.118
logoutlocation:
  world: world
  x: 129.59266048483167
  y: 72.0
  z: 166.35273136992248
  yaw: -78.731995
  pitch: 16.318825
