lastAccountName: ChupChup_
timestamps:
  login: 1519132602585
  lastteleport: 1519132595249
  logout: 1519132897015
ipAddress: 191.255.20.136
lastlocation:
  world: Oficial
  x: -370.1538374047127
  y: 9.0
  z: -101.39060160690107
  yaw: -58.354965
  pitch: 56.55
logoutlocation:
  world: Oficial
  x: -354.51216734646044
  y: 9.0
  z: -105.93306242254778
  yaw: -89.25482
  pitch: -6.449991
afk: false
