lastAccountName: akumaBD
timestamps:
  login: 1518994171449
  lastteleport: 1518995601697
  logout: 1518997484438
ipAddress: 191.254.93.6
lastlocation:
  world: Oficial
  x: -1.3601970795295426
  y: 0.1360215456985756
  z: -44.89284765408915
  yaw: -7.843853
  pitch: 17.461672
logoutlocation:
  world: Survival
  x: -184.20731003902048
  y: 77.0
  z: -14.851817662444395
  yaw: 165.34619
  pitch: 32.389133
