lastAccountName: _Gre
timestamps:
  login: 1518993405698
  lastteleport: 1518980696638
  logout: 1518993409038
ipAddress: 187.19.12.171
lastlocation:
  world: Oficial
  x: -52.46128115468236
  y: 91.48542917719125
  z: -51.42831895449601
  yaw: -26.003796
  pitch: 52.213493
afk: false
logoutlocation:
  world: Oficial
  x: 0.6061379751076816
  y: 72.0
  z: 11.412012507532888
  yaw: -0.27490234
  pitch: 16.645786
