lastAccountName: _Gre
timestamps:
  login: 1518268591359
  logout: 1518266946620
  lastteleport: 1518233585427
ipAddress: 187.19.0.57
logoutlocation:
  world: world
  x: 132.30000001192093
  y: 70.36932127891106
  z: 259.25773903943
  yaw: 0.0
  pitch: 0.0
afk: false
lastlocation:
  world: world
  x: 132.5
  y: 67.0
  z: 256.5
  yaw: 0.0
  pitch: 0.0
