lastAccountName: arrebatador
timestamps:
  login: 1518994331425
  logout: 1518994734198
  lastteleport: 1518994573608
ipAddress: 187.182.221.189
logoutlocation:
  world: Oficial
  x: -21.38324285923986
  y: 73.0
  z: -9.623570978461107
  yaw: 321.0968
  pitch: 5.7013717
lastlocation:
  world: world
  x: 75.20806654924061
  y: 110.95215886375999
  z: 576.4406132852649
  yaw: 242.12732
  pitch: 27.143368
