lastAccountName: ZeppelinPvP
timestamps:
  login: 1518737204132
  logout: 1518737239305
ipAddress: 187.58.236.187
lastlocation:
  world: Oficial
  x: -35.19078452567686
  y: -239.37561423852748
  z: 3.4211614328857562
  yaw: 358.7318
  pitch: 4.342407
logoutlocation:
  world: Oficial
  x: 16.93792049300943
  y: 65.0
  z: 0.7438015264844361
  yaw: -108.858246
  pitch: 11.001624
